"annee" "mois" "co2" "t2Reykjavik" "t2Oslo" "t2Paris" "t2NewYork" "t2Tunis" "t2Alger" "t2Beyrouth" "t2Atlan" "t2Dakar"
"1" 1982 1 341.126 -5.44856774193545 -9.31565161290325 4.37796774193549 -5.81236451612898 15.7368032258064 13.6600903225807 15.0308387096774 20.8108741935484 24.6270258064516
"2" 1982 2 341.8475 0.252635714285759 -2.91548214285712 6.38400357142859 -0.17229285714285 14.726625 13.102425 13.0608071428571 20.5406642857143 22.3272107142857
"3" 1982 3 342.905 -0.668829032258031 2.99817741935482 8.90501935483877 2.39806774193545 15.4107967741936 14.8589129032259 14.9256774193548 21.0485806451612 23.2334483870968
"4" 1982 4 344.11 3.09940333333333 7.71201666666673 12.2186333333334 6.77970666666675 17.5413266666667 16.69375 19.1115166666666 20.7381166666667 23.9710766666666
"5" 1982 5 344.542 5.30712580645161 11.7321258064516 16.3921774193549 14.8778161290323 21.4376032258064 20.0889419354838 21.2914225806451 22.7229032258064 24.3333
"6" 1982 6 343.7125 10.5072033333333 16.4484233333333 20.6462733333333 18.12595 27.9886533333334 26.7865933333333 24.0237466666667 24.23769 26.8354333333334
"7" 1982 7 342.175 10.7372096774193 21.1784838709677 22.8440451612904 22.1154548387097 31.3975838709677 30.7490161290323 25.5445387096774 25.1650322580646 28.1514
"8" 1982 8 340.024 9.6266806451614 19.2928322580646 20.3244322580645 19.5950064516129 29.7312967741936 28.3826774193549 26.5773258064517 25.6438677419355 28.3423580645162
"9" 1982 9 338.19 5.21209666666664 13.55397 21.12481 16.3139133333333 27.3223933333334 25.3454066666667 26.1992266666666 25.1890300000001 29.59631
"10" 1982 10 338.508 3.50340645161293 6.11781935483867 12.669064516129 10.3371870967743 23.6052064516129 20.1867 24.4392161290323 25.2947774193548 29.8808806451613
"11" 1982 11 339.6475 -2.78548666666671 2.33553000000006 9.54381000000001 6.88567999999998 18.4948466666668 16.3176766666666 18.3619666666668 23.9749166666667 28.55384
"12" 1982 12 341.0375 -4.87333225806447 -3.11851612903223 5.27900000000011 4.34836774193542 14.4728290322581 11.8844870967742 15.1213806451614 22.3574967741935 24.0049483870969
"13" 1983 1 341.762 -5.58759999999995 0.283087096774125 6.96369354838714 -0.596467741935442 14.066664516129 13.3449870967742 12.081570967742 21.1103516129033 24.5150741935485
"14" 1983 2 342.8525 -0.022853571428584 -3.58362857142851 3.52902499999999 -0.703510714285756 14.3749785714286 12.2099785714286 13.1019714285714 20.7055535714286 24.660575
"15" 1983 3 343.95 -2.0188 2.46975806451616 8.60351612903236 4.15061935483874 15.8898903225807 15.1898870967742 15.1726709677419 20.4878387096775 25.3153483870968
"16" 1983 4 345.29 -0.564313333333359 6.08606333333336 11.0351033333334 8.20661999999999 19.0838166666667 18.4361533333333 18.1905066666666 21.0910166666667 24.27556
"17" 1983 5 345.93 6.15446129032262 11.2463967741937 13.8565967741936 13.9371806451613 22.3198580645162 20.9507322580645 21.6547451612904 21.885935483871 25.0262129032258
"18" 1983 6 345.4575 8.00917666666675 16.6494233333333 20.6396566666667 19.93288 25.6741100000001 25.6038866666666 24.4199966666667 23.82946 27.68907
"19" 1983 7 343.792 9.39685806451615 20.6926032258065 25.940135483871 23.0664193548387 30.3129870967742 30.1055258064517 26.8316774193548 24.6500516129033 28.7186032258065
"20" 1983 8 342.0425 8.88255806451616 20.4894741935485 22.8018709677418 21.8738709677419 29.052935483871 27.5280000000001 27.1419032258065 25.0582645161291 28.7067290322582
"21" 1983 9 340.075 6.54517666666669 12.9964433333333 18.3766433333334 17.2576333333333 26.8713433333335 26.7404999999999 26.0476499999999 25.7013033333334 29.3898666666668
"22" 1983 10 340.414 2.31568709677424 8.22962903225812 14.1628419354839 11.0837741935484 22.5609903225807 22.5455419354838 23.3311096774194 25.049029032258 30.5752451612903
"23" 1983 11 341.68 -0.587163333333308 1.80265000000003 8.90477666666663 5.62352666666663 19.0968633333334 18.3846766666667 21.2580033333333 23.4108033333334 29.63971
"24" 1983 12 343.115 -3.24611290322582 -1.84186774193552 5.44995483870974 -0.699877419354777 15.2832709677419 13.7937000000001 17.6847838709677 21.9047612903225 26.1155903225807
"25" 1984 1 344.118 -7.96329677419351 -6.69222580645163 5.54586129032253 -4.25901290322577 14.715535483871 12.4990451612903 15.3996193548388 21.3578870967742 22.9463387096775
"26" 1984 2 344.83 -2.19628275862061 -2.70693448275858 4.85920689655177 1.67717931034485 13.3795034482758 11.7210655172414 16.4731413793103 20.1133586206897 24.3395655172414
"27" 1984 3 345.57 0.540535483871054 0.0362999999999829 7.58976774193553 -0.490774193548361 15.1877354838709 12.9944161290323 16.5768548387097 20.2220483870968 22.9179774193548
"28" 1984 4 347.62 2.89725666666669 7.75240666666667 13.1850066666667 7.73415666666671 17.6751766666666 18.0820333333332 17.7160866666667 21.0950533333333 24.2411799999999
"29" 1984 5 347.42 5.76937419354846 13.8770580645161 12.4608193548387 14.3257580645162 21.6536032258064 17.4829774193549 22.1219548387097 21.9417806451613 26.1880806451613
"30" 1984 6 346.955 10.2935533333334 16.41684 18.8225633333333 20.7371966666667 25.08977 24.11649 24.2147266666668 23.0397466666667 27.44927
"31" 1984 7 345.432 12.0653290322581 18.9959677419355 21.7434161290324 21.7733580645161 28.8658 29.5928161290323 26.1077774193548 24.3208258064516 27.995935483871
"32" 1984 8 343.0175 10.5693096774194 18.8340548387096 21.1208677419355 22.126935483871 28.0460161290322 27.5252096774194 26.5427419354839 25.0500290322581 29.1059129032258
"33" 1984 9 341.342 7.37509666666671 11.28711 16.3990133333334 15.4712033333333 26.0166 25.0303266666667 26.2710133333334 25.5187466666666 29.2757333333334
"34" 1984 10 341.7275 2.11868709677412 8.97346451612907 13.4854419354838 13.387035483871 22.0817161290323 19.1748000000001 24.8607419354839 24.9217322580645 29.9944064516129
"35" 1984 11 343.215 -2.25727333333333 2.39642000000003 11.4613133333333 4.80050666666671 20.20098 17.63656 19.2973533333334 24.0652766666667 28.4728733333334
"36" 1984 12 344.644 -1.69027096774187 -0.830290322580595 5.39194838709676 3.92395483870973 15.1179322580645 13.1288838709678 15.507 22.5287387096774 24.8524129032259
"37" 1985 1 345.34 -3.63013870967734 -9.74009677419349 -1.01674838709681 -3.9062193548387 12.8634903225806 10.6883290322581 16.0068032258064 21.8095612903226 21.8610419354839
"38" 1985 2 346.125 -2.72134999999997 -7.78584285714282 4.51234642857139 -1.0217428571429 16.1644785714286 15.3938928571429 12.7854892857142 20.8851250000001 23.3867785714287
"39" 1985 3 347.836 -1.15576129032252 0.295000000000016 6.816306451613 3.59841290322584 15.2805064516129 12.6405258064516 16.787206451613 21.0663290322581 23.0772741935485
"40" 1985 4 348.2625 3.4407533333333 4.21635666666668 12.3330366666666 9.79146999999995 18.7181233333334 17.7881333333334 19.0127933333333 21.4182333333334 23.4787366666667
"41" 1985 5 348.935 7.30153548387096 13.6306903225807 15.2915516129032 15.8286838709677 21.3009032258065 18.9374677419355 21.9052870967743 22.5243677419355 23.7557548387097
"42" 1985 6 348.158 10.07431 16.1554333333333 17.5683200000001 18.4937833333333 26.1523300000001 25.7594566666667 24.0830466666667 24.1122066666667 26.04591
"43" 1985 7 346.445 10.4489161290323 18.098535483871 21.882270967742 22.1019548387097 29.7223838709677 29.1299096774194 26.5304096774194 25.3347225806451 27.5500741935483
"44" 1985 8 344.71 10.8772 16.4334838709678 19.6735322580645 21.2015258064516 28.8934 28.9559483870968 28.1777354838709 25.8599419354839 28.3336516129033
"45" 1985 9 343.076 6.49252666666666 11.2851833333333 20.4730333333333 17.64239 26.6771400000001 26.24535 26.8894166666667 25.7530366666667 28.4465800000001
"46" 1985 10 343.2525 5.49946774193552 9.99347419354848 14.5552999999999 11.5351096774194 23.3877677419356 22.4857387096774 22.7046838709677 23.8898580645161 30.2444064516129
"47" 1985 11 344.4575 -1.79760999999996 -1.96667999999994 5.13746666666663 8.32623666666666 19.8879133333334 17.1958933333334 21.5692633333334 22.7342866666667 28.74073
"48" 1985 12 345.906 -5.85476451612902 -8.26612258064512 6.49449032258059 -0.193922580645108 16.8305580645161 14.1046935483872 16.147335483871 21.4756838709677 25.049764516129
"49" 1986 1 346.54 -3.96405806451611 -8.12616129032256 4.96251935483883 -1.627264516129 14.0319419354839 11.773906451613 14.975064516129 21.1044645161291 21.7231806451613
"50" 1986 2 347.165 -1.14909642857134 -6.51620714285713 -0.881603571428514 -2.49682499999994 14.7511392857143 12.5339642857143 15.6942964285715 20.8836857142858 22.4274785714285
"51" 1986 3 348.206 -0.623551612903213 1.54679677419352 7.37227419354844 3.48130322580641 16.1886645161291 13.9787967741935 17.0478774193548 20.6639290322581 22.9719967741935
"52" 1986 4 350.0275 3.42925333333335 4.03354000000002 8.69292000000002 8.62236333333334 18.53649 16.0552833333334 20.6702466666666 21.31498 24.45725
"53" 1986 5 350.495 5.6994548387097 12.8801935483871 16.1758935483871 15.7070580645161 23.3973096774193 22.6916774193548 19.8477935483871 22.8549225806452 24.8074354838711
"54" 1986 6 349.78 8.38781666666671 19.6352433333332 21.0181366666666 19.8280233333334 25.34442 24.4763433333333 24.0196333333333 23.6128533333334 26.3566433333333
"55" 1986 7 347.825 11.0760000000001 19.1602483870968 21.2476741935484 22.5439999999999 28.0608709677419 27.8190741935484 25.8309580645161 25.6517322580646 27.7091258064517
"56" 1986 8 345.724 10.4522580645162 14.2244225806451 19.9048193548387 20.5937129032259 30.5292483870967 29.9978129032258 27.1062225806452 26.3622935483872 28.5153290322581
"57" 1986 9 345.04 7.40566999999999 11.9105233333334 15.9038033333333 16.9528666666667 27.2549366666667 26.03668 27.2136566666667 27.0168 28.7671066666667
"58" 1986 10 344.5275 1.54490967741935 7.96723870967742 15.6472612903226 11.087841935484 23.7411225806453 21.8487451612904 23.8220612903226 25.4976225806452 29.8278225806453
"59" 1986 11 346.05 -2.31532999999996 3.91212666666672 9.84560333333343 4.85119000000003 18.3579633333334 16.5953166666667 17.6263166666667 24.01915 27.5418833333334
"60" 1986 12 347.2825 -4.02087096774198 -2.83836129032255 6.59474838709679 1.84868709677426 14.7189129032258 12.8846645161291 15.0495483870968 21.9584322580644 24.7738258064516
"61" 1987 1 348.4375 1.12291612903221 -11.7992096774193 -1.93717096774196 -2.28128709677412 14.1617032258064 11.8757516129033 15.0419870967743 20.9115 23.5206225806452
"62" 1987 2 348.705 -1.64302857142849 -3.68490000000003 3.96280357142859 -3.27340357142856 14.3715357142858 12.5734821428572 16.1666464285715 21.7160678571428 23.7448214285715
"63" 1987 3 350.002 -0.863141935483839 -2.31365806451612 5.98137741935483 3.37131290322588 14.2932193548386 14.9917774193548 13.4901096774194 21.1733129032258 25.4684580645161
"64" 1987 4 351.29 2.55835999999999 7.44467666666668 14.7582566666667 9.11692666666664 18.6184666666667 19.1023566666667 17.0327 21.3405833333333 26.1614066666667
"65" 1987 5 352.182 7.15830000000005 11.1673032258066 14.0960870967742 14.8351967741935 20.1896387096775 20.2727 20.3018000000001 21.9431032258065 26.5647580645161
"66" 1987 6 351.2775 10.79306 13.4199033333333 16.9341866666667 20.5928600000001 25.5423166666667 25.4444533333333 23.6251099999999 24.19198 27.93568
"67" 1987 7 349.885 11.4931451612903 18.6285290322582 20.499970967742 23.281735483871 29.7481225806453 27.7399935483872 26.6150838709677 26.0063870967742 28.7572774193548
"68" 1987 8 347.744 11.5986419354839 14.7574258064517 20.9432129032258 20.9542322580646 30.8285612903226 30.6920548387096 27.7423290322582 26.5922161290323 29.2504967741935
"69" 1987 9 346.295 7.45960666666673 12.3954799999999 20.0762733333333 17.2941333333333 29.7942033333334 28.4443233333334 27.04726 26.5735700000001 29.2198066666667
"70" 1987 10 346.7575 1.41901935483867 7.70230322580647 14.030764516129 8.24637419354843 25.9415999999999 23.6666032258066 22.8474580645162 25.1471451612904 29.5493774193549
"71" 1987 11 348.104 2.86019999999996 0.255953333333309 7.71898999999996 5.84110000000004 19.3560266666668 16.3485566666667 19.90395 22.9557766666667 29.44808
"72" 1987 12 349.2825 2.06989032258065 -3.404 5.49536129032265 1.60744193548385 17.351 15.4958483870968 15.3566387096774 22.335229032258 26.7468548387096
"73" 1988 1 350.664 -6.92623548387098 -0.370093548387047 7.81290967741933 -4.47933548387095 16.027235483871 14.1211129032258 13.6844903225806 21.7709677419355 23.0270903225807
"74" 1988 2 351.96 -3.49587241379311 -1.36558620689658 6.54797586206894 -0.713206896551696 15.2075724137931 13.2477931034483 13.676475862069 20.5556137931035 23.1110344827586
"75" 1988 3 352.14 -1.7319161290323 -0.479625806451622 8.34904516129035 2.95114838709679 16.6725612903226 14.9446645161291 14.3153161290323 21.011441935484 25.7284322580646
"76" 1988 4 353.6725 0.0428800000000251 5.45026333333334 13.2902833333333 7.94876333333337 19.4500800000001 17.9781866666667 18.8902899999999 21.9599 25.60994
"77" 1988 5 354.136 8.24603870967746 14.4416774193548 16.7359225806451 14.2649129032258 23.3104129032258 21.3512903225806 22.0628612903225 22.4261387096774 26.0465258064517
"78" 1988 6 353.63 9.01580333333334 20.8557866666667 18.93683 19.5213833333334 25.7065966666668 24.4536600000001 24.0725633333334 23.6392 26.9086133333333
"79" 1988 7 352.314 11.4553483870968 17.4843774193549 19.5072645161291 23.3078161290322 30.1640548387097 29.1036387096774 27.6391451612903 25.1330032258065 28.3163645161291
"80" 1988 8 350.5025 11.0477612903226 16.6339322580645 21.5886225806452 23.2531032258065 30.3404580645161 30.5307096774193 27.3126258064516 26.2798451612903 28.5743
"81" 1988 9 348.995 6.67165666666676 14.6098633333334 17.2681900000001 16.2228233333333 26.6224900000001 25.6675233333333 26.6629 25.9648333333333 28.9640533333334
"82" 1988 10 349.202 3.62049677419361 6.07052258064516 14.4509032258064 8.54199354838715 25.1653000000001 23.8989354838709 22.8177935483872 25.0753483870968 29.5741451612903
"83" 1988 11 350.255 2.05606333333333 -0.446989999999971 7.6911566666667 6.66547333333335 18.8582066666668 17.6311233333333 17.5085233333334 23.04338 28.15228
"84" 1988 12 351.525 -1.3045677419355 -3.32460645161291 7.64429354838717 -0.164467741935482 14.5602290322581 12.5553612903226 15.3076096774194 21.7641193548386 25.1309548387097
"85" 1989 1 352.912 -2.40678064516129 2.55687096774199 5.11795806451619 0.201980645161257 14.2780322580645 12.8540548387097 11.8632129032259 20.9850096774193 23.9898870967742
"86" 1989 2 353.33 -6.59552499999995 3.28900357142857 7.05525 -0.63856428571421 15.3672785714286 14.1163392857143 14.1073678571429 20.8499642857143 23.9054357142857
"87" 1989 3 353.85 -2.31060967741928 4.57207419354847 12.1951193548387 2.79687741935487 17.8497935483871 16.5215451612904 16.2637032258064 20.5020225806451 23.9533838709678
"88" 1989 4 355.614 1.81960333333336 6.05227999999994 10.3828033333334 7.98555333333337 18.9284133333334 16.6324766666667 20.9385600000001 21.36411 23.5616033333333
"89" 1989 5 355.975 5.28392258064514 14.1635096774193 20.405664516129 14.8414483870967 21.3865516129033 21.3460677419354 22.1946258064517 22.1021451612904 25.8838870967742
"90" 1989 6 355.1925 9.1114766666667 17.7716666666668 19.5518233333335 21.0812000000001 25.5903366666667 25.0276066666668 23.76517 24.3279566666667 27.9383866666666
"91" 1989 7 353.84 10.3065451612903 20.7337903225807 23.7510064516129 22.4488677419355 29.3782838709677 29.6074451612903 26.3035903225807 25.4343677419355 28.5263258064516
"92" 1989 8 351.21 10.6209322580646 16.3910903225807 22.9574935483871 21.7026225806452 30.3800612903225 30.2977967741935 26.6797903225807 26.3164580645162 28.2168967741937
"93" 1989 9 349.9475 6.78485666666671 14.4973533333333 20.08784 18.0614866666667 26.9910666666667 25.4426866666666 26.13176 26.08394 29.5712633333334
"94" 1989 10 350.338 4.04479032258064 8.1268483870968 16.4858741935485 10.9680258064517 22.0726806451613 22.5459161290323 22.8870870967742 25.2273645161291 29.6474387096774
"95" 1989 11 351.645 0.148189999999943 2.81029333333333 8.64397000000002 5.56955333333337 19.9876199999999 18.9667900000001 20.0918966666667 23.8013766666667 27.28617
"96" 1989 12 352.974 -2.72326129032245 -3.32991935483869 6.08708709677427 -5.7728967741935 17.9980483870968 16.6660064516129 15.7889032258064 22.5932967741936 26.7896129032259
"97" 1990 1 353.93 -1.88479032258061 0.522396774193567 6.03117096774196 2.29368709677419 14.770506451613 12.6919258064515 13.1078 21.5006838709678 22.8889
"98" 1990 2 354.98 -3.95297142857146 3.75823571428577 10.660975 2.12521428571432 17.3482 17.065525 13.5100571428571 20.6722464285716 25.85775
"99" 1990 3 355.6675 -3.40755161290326 6.43201290322577 11.7804161290323 3.74221935483871 17.1779290322581 16.3937387096775 16.2479903225806 20.7106064516129 26.0765419354839
"100" 1990 4 356.394 -0.256563333333304 8.33807333333334 11.8588266666667 8.97064000000006 18.3315433333333 16.5017233333334 18.57595 20.9302000000001 24.3318933333334
"101" 1990 5 357.345 8.11026451612906 15.4581096774194 19.9831419354839 13.7265129032258 21.9223096774194 20.8816516129033 21.1804387096775 22.2524838709678 25.1797903225807
"102" 1990 6 356.24 10.4746266666667 16.7849933333333 18.0196800000001 19.8807533333333 26.8654866666668 26.3193866666667 24.0984866666667 23.94844 26.2172966666667
"103" 1990 7 354.806 11.7227032258064 18.6648774193548 23.043764516129 22.8780774193549 28.9540193548387 28.0261096774194 25.8617612903226 25.2870225806451 27.7277709677419
"104" 1990 8 352.695 11.0565225806452 18.3393548387096 25.1955967741936 21.7855612903226 28.997635483871 29.1453032258064 26.8693096774194 26.7184096774195 28.9983774193549
"105" 1990 9 351.276 5.94223999999997 12.1033333333334 18.8330300000001 16.7751433333333 29.0777366666666 28.7546200000001 25.7287233333333 26.0213733333334 29.7891799999999
"106" 1990 10 351.7125 3.75645483870966 7.55616774193555 16.2927 13.3777161290323 25.9064870967742 22.4453387096774 24.5816322580646 25.0708387096774 30.2860548387097
"107" 1990 11 353.1725 1.82731666666666 0.240853333333348 8.6264066666667 6.61990000000003 19.0786633333333 16.32037 21.9007133333333 23.9811 29.0183733333333
"108" 1990 12 354.324 -3.23005483870975 -1.19492258064514 4.30075806451617 3.69044193548393 13.8604870967742 12.0463870967742 17.6273548387098 22.3240225806452 25.3995548387097
"109" 1991 1 354.9625 -1.38926129032257 -2.991658064516 4.90473870967747 -0.950222580645175 14.0661354838711 12.3113258064516 14.2863838709678 21.1349806451614 23.7940870967742
"110" 1991 2 355.7 0.185621428571494 -3.67281071428573 2.58978928571429 1.23638928571432 13.7231571428572 11.6043071428572 14.3904 21.2012035714286 23.7484928571428
"111" 1991 3 357.354 1.05056129032261 3.02360322580654 11.5888354838711 4.35882258064521 17.4130064516129 15.3718741935484 16.9186548387096 21.0652258064516 23.4885193548388
"112" 1991 4 358.685 0.834653333333279 7.16906666666665 12.5668066666667 9.72787333333332 16.8331766666668 15.7103966666667 19.31728 21.3866333333334 24.1821800000001
"113" 1991 5 359.07 7.14680322580648 13.2981516129032 14.4167806451613 17.7727096774194 19.5562774193548 18.3881322580646 20.6748548387097 22.5835774193548 23.7738741935484
"114" 1991 6 357.908 10.6311700000001 12.9139499999999 16.3461300000001 21.0094066666667 25.0270466666666 24.7496766666667 23.6867999999999 24.0546633333333 25.6783233333334
"115" 1991 7 355.7875 13.6736 21.3151225806452 21.9770580645161 23.031606451613 28.6908096774195 29.2281935483871 25.3901483870968 25.8106419354839 27.8187903225806
"116" 1991 8 353.74 11.1514225806452 19.5295129032258 23.9570483870968 22.5230193548388 29.7173838709677 29.9428580645161 26.6161354838709 26.7586290322581 28.6938548387097
"117" 1991 9 352.214 7.45482666666669 14.38271 20.7081900000001 17.14315 27.76205 26.9460433333333 26.4067966666667 26.81123 29.2096733333333
"118" 1991 10 352.5025 3.93236129032255 6.91609677419359 13.1842387096775 11.3565677419355 23.3287451612903 19.9979258064517 24.7679419354839 24.8838548387097 29.7290548387097
"119" 1991 11 353.825 -1.50639666666666 2.17044333333331 7.73993666666667 6.14450000000005 18.5786266666667 16.2027933333334 20.5025033333334 23.25243 29.6346
"120" 1991 12 355.276 -1.2551387096774 -0.172938709677396 4.37327096774203 2.42422258064516 13.7930677419355 12.9411387096774 13.545670967742 21.7600096774195 26.8753161290323
"121" 1992 1 356.0875 0.222887096774116 0.0733612903226231 3.52717419354849 -0.26857096774188 14.0500935483872 11.9789548387097 11.9021774193549 20.4201516129032 25.4985483870969
"122" 1992 2 356.9525 -2.08876896551726 1.3672896551725 7.0163413793104 -0.137958620689687 14.0190275862068 13.2237931034483 10.9867620689655 20.5824586206897 23.6108172413794
"123" 1992 3 357.856 -0.856948387096679 3.67448064516134 10.1221387096774 1.40477419354841 16.0259483870968 13.6116677419354 14.3681193548387 20.6692741935485 24.3208580645161
"124" 1992 4 359.2075 2.72389999999996 5.71060333333338 12.41481 7.38166999999999 18.2684800000001 16.49173 17.7040266666667 21.39163 23.8961966666666
"125" 1992 5 359.686 5.7985741935484 17.0694999999999 19.3022548387097 13.3853709677419 21.3685032258065 20.8798096774194 20.5071322580645 21.8606258064517 25.6213193548387
"126" 1992 6 359.0025 8.35541666666666 20.7901833333334 19.6263266666667 18.6274033333333 24.6086966666667 22.2698366666668 23.3974466666667 23.5746333333333 27.2040833333334
"127" 1992 7 356.47 10.4798096774193 19.2379161290323 22.4958612903226 21.7129580645161 27.3339258064516 27.2374580645163 26.0297548387096 25.7349709677419 27.3220580645162
"128" 1992 8 354.648 10.1394483870968 15.9691516129033 22.6498516129032 19.8963612903226 30.0861935483871 29.5755258064517 27.7007258064516 25.8138129032259 28.4113806451614
"129" 1992 9 352.9325 6.68701000000004 12.6592133333334 17.8479933333333 17.35667 27.4529866666667 27.1701366666666 26.7243566666667 25.7407666666667 29.0494433333333
"130" 1992 10 353.355 3.63602580645164 3.9343806451613 11.1295322580645 8.67549354838724 24.3261258064517 20.3886161290322 25.085935483871 24.7375161290323 29.2200258064516
"131" 1992 11 354.344 -1.20372999999995 0.194280000000049 9.83938666666671 5.8255533333334 20.0024833333334 17.6359866666667 19.33672 23.1988333333334 28.6350266666667
"132" 1992 12 355.7125 -2.30173225806448 -1.51889999999997 5.2016580645161 1.92298064516132 15.983841935484 13.9941903225807 13.2978741935485 22.259564516129 26.029941935484
"133" 1993 1 356.948 -5.73479354838719 -0.298645161290267 7.69323548387098 1.07093225806454 14.1984548387097 13.1537000000001 13.3666387096775 20.6618129032258 23.9515483870968
"134" 1993 2 357.6325 -0.754610714285718 0.798439285714323 3.26842857142861 -3.15468928571426 13.3532071428572 12.0044964285715 12.1679535714286 20.2621642857143 23.120825
"135" 1993 3 358.3625 0.565438709677437 3.59628709677418 10.5047580645161 1.37220645161295 15.2858677419355 15.0444225806452 15.6004870967743 20.0860064516128 24.0393548387097
"136" 1993 4 359.2925 3.71773333333334 8.26235000000003 14.18789 8.68522999999993 19.03209 16.6805600000001 18.9046233333335 21.2091933333333 25.1137333333334
"137" 1993 5 360.158 5.64974838709685 15.9833322580645 17.3276677419354 15.6238870967742 22.6972483870968 20.9729161290323 20.1940419354839 21.3699741935484 26.029570967742
"138" 1993 6 359.36 9.34095333333335 16.42213 20.2892233333335 19.68389 26.36891 25.5135266666667 24.6475566666667 24.3212266666667 27.0255566666668
"139" 1993 7 357.33 10.3781645161291 16.9120838709678 20.3931322580646 23.6000709677419 28.3363032258065 28.2883548387097 26.9767548387097 24.925329032258 28.3690161290322
"140" 1993 8 355.404 9.71751935483871 15.3401387096775 21.5193419354839 21.8484483870968 30.1457032258065 29.6406967741935 27.6100387096774 25.7023838709678 29.1712838709678
"141" 1993 9 353.9475 8.89085666666665 11.1991133333334 16.8624766666667 17.7309633333334 27.60904 24.7535266666667 26.58 26.0994066666667 29.0790933333334
"142" 1993 10 354.252 3.81791612903226 5.72785161290318 11.4965064516129 10.3003 24.305929032258 20.5379193548388 26.5417935483871 24.8262483870968 29.5157064516129
"143" 1993 11 355.6625 2.50858333333332 -1.60217666666665 5.08365333333342 5.65915999999999 19.1355133333333 15.9099933333333 19.2383166666667 23.0110733333333 26.6705733333334
"144" 1993 12 356.9725 -4.96840322580647 -4.71260322580639 7.46120000000002 0.963280645161319 16.1096483870967 14.1788483870968 17.9083612903226 21.9351322580645 25.3087000000001
"145" 1994 1 358.238 -5.33552580645159 -4.73582903225804 6.821770967742 -5.05033548387098 15.1690129032258 12.7812258064516 15.7208451612904 20.7239032258065 23.1783903225806
"146" 1994 2 358.96 -0.993835714285751 -7.57620714285713 6.34881428571424 -4.20756071428576 15.1796178571429 14.1523321428572 14.7316142857143 20.0529535714286 23.7730178571429
"147" 1994 3 360.1975 -2.07124516129034 2.02762580645157 11.7042548387097 2.41374516129036 18.0351580645162 17.2479612903226 15.7347225806452 20.6960064516129 24.2650612903227
"148" 1994 4 361.385 1.78329666666673 7.96927999999997 11.80579 10.0587633333334 17.9195500000001 16.0876366666667 20.6701533333334 20.79577 24.8310733333334
"149" 1994 5 361.614 7.44480000000004 13.0729741935484 16.8505612903226 13.6753677419355 24.2425580645162 23.214864516129 22.1188774193549 21.5021193548387 25.0793516129032
"150" 1994 6 360.6675 8.57319000000001 16.19456 20.17749 21.1932866666667 26.38226 26.0365333333333 24.7203433333333 23.4383833333334 26.2687
"151" 1994 7 359.196 12.2241193548387 24.2040516129032 25.5304741935484 24.0712096774195 29.8733774193549 30.9214225806453 25.9197580645161 24.5311 27.3772838709678
"152" 1994 8 357.0875 11.452064516129 18.0560548387096 22.4772064516129 20.7524516129033 32.0894032258066 32.1034677419356 27.2205258064516 25.4934322580645 28.0881387096775
"153" 1994 9 355.5575 7.11356666666677 11.8521566666666 17.2029366666667 17.12052 28.6481866666667 25.7135766666667 27.84176 25.5535833333333 28.4456
"154" 1994 10 356.184 2.66943225806455 6.90093225806453 14.7679935483871 10.0583419354839 23.808 21.2593258064517 26.8613483870968 25.1782419354839 29.2661967741936
"155" 1994 11 357.7675 0.352423333333434 2.08632333333338 12.41188 8.17781333333329 20.6468066666666 18.6322166666666 18.3213633333334 23.9683866666667 29.2494199999999
"156" 1994 12 358.9675 -3.39375483870964 -0.789025806451548 7.76463225806464 2.64474193548392 16.9425032258064 14.688270967742 14.1111645161291 22.2349258064515 26.9558580645163
"157" 1995 1 359.91 -4.83372903225808 -3.13948709677419 5.9696806451613 2.06155161290326 14.0001806451613 12.5497677419355 14.7748290322581 21.6079709677419 24.2784580645161
"158" 1995 2 361.07 -5.09342142857133 0.791414285714325 9.42002142857149 -2.56563928571427 17.3830964285714 15.5205357142857 15.62225 21.8341321428571 25.3541642857143
"159" 1995 3 361.795 -3.27134838709674 2.18833225806446 8.75230645161292 4.29255806451613 16.2505838709678 15.0322483870967 16.6314258064516 22.3245483870969 23.236770967742
"160" 1995 4 363.212 1.29593999999997 5.85514666666671 11.7677433333334 8.5265466666666 18.40423 17.1532166666666 18.03935 22.3769733333334 23.9362166666667
"161" 1995 5 363.9425 6.99641935483874 11.7181677419355 17.2741 14.6277387096775 23.1146000000001 22.416970967742 21.8039322580645 23.6844387096775 25.6536806451614
"162" 1995 6 363.0475 9.65837666666675 17.0344333333333 19.09981 19.9605766666667 26.1023199999999 25.0879433333334 25.15533 24.44794 27.1670133333333
"163" 1995 7 361.478 10.9914645161291 19.3912774193549 24.8676709677419 24.0707032258064 29.1712677419355 28.981406451613 26.9225354838709 25.9774967741935 28.863835483871
"164" 1995 8 358.7375 10.9765451612904 21.2263677419355 24.7431548387097 22.9280064516129 29.8479903225806 28.7202935483871 27.9460419354838 26.6854290322582 28.8564
"165" 1995 9 358.1975 7.87588333333332 12.17968 17.1896233333333 18.0042233333333 26.4430166666667 24.2894433333335 26.43666 26.3694733333334 29.28793
"166" 1995 10 358.08 2.30107096774196 10.2709161290323 17.4489225806452 14.1147258064517 23.348641935484 22.5973419354839 23.8520774193548 24.5922741935483 30.5440806451614
"167" 1995 11 359.495 0.726740000000007 -0.0412800000000288 9.37841333333336 4.77991000000003 18.7677766666666 18.3054333333334 18.35015 23.0226300000001 30.1069966666667
"168" 1995 12 360.862 -3.80397741935485 -7.30361612903221 3.61364838709687 -1.43542258064514 17.2500129032258 15.5358096774194 15.7979322580645 22.3740225806452 26.1202354838709
"169" 1996 1 362.11 -0.924412903225743 -5.79000967741939 4.56221612903227 -1.46319032258054 16.0313290322581 14.6288096774194 14.3833161290323 20.4956967741936 25.0177096774194
"170" 1996 2 363.3075 -3.16130689655159 -5.67094827586203 3.64547241379313 -1.09957931034478 14.0940241379311 11.8173172413793 15.3474689655173 19.9583103448276 24.0678310344827
"171" 1996 3 364.188 2.34467419354843 1.20809677419351 8.36010645161286 1.01920967741938 16.1340741935485 14.9560903225807 15.2254580645163 19.9496903225806 23.808929032258
"172" 1996 4 364.6675 4.51522333333332 7.90124666666668 13.65173 8.69832000000002 18.2726266666667 17.0731866666667 17.7691166666667 21.4129666666667 25.4684
"173" 1996 5 365.165 7.64724838709679 9.58686451612903 13.9609741935485 13.5943161290323 22.188993548387 20.127435483871 22.1003774193549 21.4891967741935 26.2999161290323
"174" 1996 6 364.84 10.3686133333334 16.8771666666667 20.9834833333334 20.2013066666667 25.4003133333333 24.19582 25.1041700000001 23.2423333333334 27.2259766666667
"175" 1996 7 363.125 11.6929 18.5739225806451 21.9201806451613 21.0857741935484 28.7725387096774 27.828235483871 26.9159774193549 24.3625032258064 28.2085
"176" 1996 8 361.38 10.412035483871 20.2521225806452 21.5567322580645 21.101506451613 30.1413129032259 28.4955903225807 27.6044129032259 25.3502612903226 28.7497
"177" 1996 9 359.586 10.17997 12.7653333333333 17.1067733333333 18.3885266666668 25.6111999999999 23.7550966666666 26.2853266666667 25.9196333333334 29.02169
"178" 1996 10 359.625 3.39537741935487 8.34803225806456 14.2649161290323 11.4164387096774 21.8627774193549 20.2295193548387 22.9296516129033 25.5597774193548 30.3057870967743
"179" 1996 11 360.9 -3.82717666666662 -0.718236666666598 7.87173999999999 3.71109666666666 20.0122233333335 17.9114833333333 21.9617200000001 24.1223833333333 29.3159633333333
"180" 1996 12 362.236 -2.95440967741933 -5.97273548387091 2.4269580645161 4.18088064516132 17.1239419354839 15.0534225806452 17.7284580645161 22.3449258064517 26.1357064516128
"181" 1997 1 363.105 -2.08345483870966 -4.27630000000005 0.984283870967715 -1.23218387096767 15.8767161290323 13.7061225806453 15.6591645161291 20.4136903225806 24.447829032258
"182" 1997 2 364.1 -3.33399999999995 0.444889285714225 8.76636428571425 1.99171428571435 16.2687750000001 15.7069964285714 13.1589357142857 20.2550821428571 26.760925
"183" 1997 3 364.682 -1.84239999999994 4.74947419354839 12.1485967741937 3.96671612903219 17.1800419354839 16.4104870967743 14.8802741935484 20.1101870967743 25.3243806451613
"184" 1997 4 366.3475 3.97949333333332 7.27618666666672 13.5011133333334 7.78774666666669 18.0873100000001 18.2925566666667 16.8766566666666 21.04604 24.4382433333334
"185" 1997 5 366.6975 6.42640322580655 11.2014290322581 17.0288096774194 12.736977419355 23.6618322580646 22.0649774193548 21.9791838709678 21.8408612903226 26.3669967741935
"186" 1997 6 365.504 9.36419666666666 18.1742533333334 18.9488133333333 19.2059733333333 27.8886766666667 25.9857533333333 24.6721833333334 24.1052433333334 27.5105199999999
"187" 1997 7 364.125 12.1262935483871 21.3763838709677 21.6537580645162 22.5843870967742 28.7778903225806 27.5405258064516 27.1243193548388 25.2759677419355 28.4244967741936
"188" 1997 8 361.954 10.9500258064517 22.7333774193548 25.7898580645161 21.4867806451613 29.7576483870968 28.7635741935484 26.1462967741936 25.9789064516129 28.3638032258066
"189" 1997 9 359.985 7.85671333333335 14.9547433333333 20.7747266666667 17.5865266666667 26.47174 25.90844 25.8202233333334 26.1896700000001 29.1816299999999
"190" 1997 10 360.8525 4.62913870967736 6.4069677419356 14.4890580645161 10.9170580645161 24.1447838709677 22.3840225806452 23.7863064516129 24.9152096774194 30.0004870967742
"191" 1997 11 362.714 1.95771333333329 0.90870000000001 10.05536 5.2714733333334 19.2411200000001 16.7755300000001 20.6234666666667 23.7159333333334 29.8242466666667
"192" 1997 12 364.51 0.914025806451662 -2.63164193548386 6.68689677419349 1.90315806451616 16.1517 14.5055322580645 16.4320161290323 22.951864516129 26.6360258064517
"193" 1998 1 365.1825 -2.28497419354835 -1.99025161290319 6.13302903225804 2.95834193548387 15.1361516129032 13.9451870967742 14.0176838709678 21.2008193548388 25.3309774193548
"194" 1998 2 366.0175 -3.46237142857143 2.61697500000002 7.96131785714283 2.63047857142863 15.9284571428572 14.9023428571429 15.0478107142857 20.4490428571428 26.2423321428572
"195" 1998 3 367.306 -2.76027096774186 2.72668387096769 10.7574741935484 4.82900322580639 16.3976612903226 16.3414677419354 15.1548741935485 20.6200322580645 26.1751967741936
"196" 1998 4 368.6825 3.81578999999999 4.8430166666667 11.4553 9.73677333333336 20.2675933333334 17.9178 20.06029 21.2961633333334 25.1868366666667
"197" 1998 5 369.514 7.48986129032255 14.3050580645161 18.9984290322581 15.9620612903227 22.5268419354838 19.7644419354839 22.0484838709678 22.0870548387097 25.3761838709678
"198" 1998 6 368.675 10.43274 14.4276533333334 20.1022466666666 19.5808166666667 28.2313633333333 26.6017433333334 24.61977 23.9191433333334 26.4039166666666
"199" 1998 7 367.6675 10.8484612903226 17.3207838709678 19.9871612903225 23.1128967741935 30.171035483871 29.6244870967743 26.9434322580645 24.7160161290324 27.3868677419355
"200" 1998 8 365.568 11.5080064516129 16.4664935483871 23.149329032258 22.5205 29.8342419354839 29.385029032258 28.994677419355 25.6603967741936 28.4946032258065
"201" 1998 9 363.97 7.85849000000002 13.7744666666667 18.1894399999999 19.2247133333334 27.4645066666667 26.5315466666667 27.2661266666667 26.2668033333334 29.0832633333334
"202" 1998 10 364.345 1.97622580645162 6.27572258064521 12.9812612903227 11.9635451612904 22.8412612903226 20.572935483871 25.5036161290323 25.4496258064516 30.3136838709678
"203" 1998 11 365.732 0.305430000000058 -1.65758999999991 6.34878333333336 6.5055133333334 17.6914333333333 16.05806 21.9645066666668 24.3106933333334 29.88741
"204" 1998 12 367.155 -0.956051612903138 -1.01377741935488 6.08260000000001 4.24846129032261 14.8327193548387 12.9272387096774 17.2143387096774 22.7137806451613 26.0794
"205" 1999 1 368.324 -2.84532258064519 -3.07256774193553 7.25415483870972 0.549532258064517 14.4663 12.8905096774193 15.9200387096774 20.7210387096775 22.3353096774194
"206" 1999 2 368.6875 -3.62225714285705 -1.18656785714285 5.98450714285713 0.776564285714301 13.3158678571429 11.6277928571429 15.7648535714286 20.4768321428572 22.5085
"207" 1999 3 370.17 -2.67253225806445 1.34428064516129 10.6815516129032 3.05995161290326 16.5943774193547 15.7376064516129 17.2211677419355 20.6104451612903 22.6570838709678
"208" 1999 4 370.9425 2.4447100000001 8.64288000000005 13.2579033333333 9.26231666666672 19.5740566666667 18.8416266666666 18.8505500000001 21.6525333333333 23.6506333333333
"209" 1999 5 370.806 7.03562903225816 11.995370967742 18.5099225806452 15.1812129032259 24.8857838709678 23.6865419354838 23.1376129032258 22.7235838709678 25.2496645161291
"210" 1999 6 370.1275 9.34182666666669 15.77604 19.3145833333333 20.96814 27.9917333333333 26.3215 25.1376333333334 23.8007733333333 27.5255
"211" 1999 7 369.2725 11.9568870967742 20.5993322580646 23.8397064516129 24.5062193548388 29.3496870967742 29.1321225806452 27.0032548387097 25.3908516129032 28.1200806451613
"212" 1999 8 366.766 11.8398741935484 18.1722870967743 22.9789064516129 22.0895870967742 32.2963677419355 31.0322967741935 27.9129322580645 26.3458870967743 28.477706451613
"213" 1999 9 364.825 7.88936333333339 15.6840466666666 21.04036 18.64134 29.0461266666667 26.5889933333333 27.4518 26.2165266666667 28.9781133333333
"214" 1999 10 365.49 4.50224838709681 7.97901935483878 14.1945709677419 10.3366612903226 26.2856064516129 23.5282806451613 24.7710161290323 25.4549870967742 29.1829838709679
"215" 1999 11 366.9575 -0.116190000000017 4.45189999999997 7.73356999999999 8.24105666666668 19.2566000000001 15.44794 20.8167300000001 23.8651033333334 28.4535066666667
"216" 1999 12 368.1225 -3.45497419354842 -3.74508064516124 6.24943870967741 2.04865161290331 15.2313193548388 12.8187322580645 18.7002580645162 22.6950258064516 26.1875870967743
"217" 2000 1 0 50 50 50 50 50 50 50 50 50
"2171" 2000 1 369.33 -1.28951290322573 0.0596709677419653 5.14112258064517 -2.09820967741928 13.4210322580646 11.8886774193549 13.0013 20.9811903225808 23.826
"218" 2000 2 369.68 -3.21059310344828 1.00233793103456 8.50324482758629 0.374900000000082 15.3758275862069 15.1251793103449 14.2155034482759 20.6491586206898 24.6196241379311
"219" 2000 3 370.625 -1.08203870967736 3.90320322580658 10.2150999999999 5.60169032258074 17.9069838709677 16.9878 15.1940161290323 20.7989483870967 25.4799451612903
"220" 2000 4 371.668 1.73187999999999 7.51330999999993 12.5593966666667 8.54253666666676 20.4508333333334 18.4849766666667 19.1895033333334 20.6930700000001 25.1129566666667
"221" 2000 5 371.74 6.83368064516139 15.4602161290322 17.9114516129032 15.7474548387097 24.015935483871 23.2048774193549 21.6922741935484 22.0776548387096 24.3193741935484
"222" 2000 6 371.6625 10.0552433333333 15.7947466666668 20.4710366666667 20.35473 26.74376 25.9915466666667 26.02966 23.3625133333333 26.4422300000001
"223" 2000 7 369.676 12.9014774193548 17.752835483871 19.3285064516129 21.353306451613 29.9707967741936 29.8431806451613 28.4393612903226 24.8617774193548 27.5629451612904
"224" 2000 8 368.02 11.4435290322581 17.2236870967743 23.0822419354839 21.0598322580646 31.2330516129032 30.4156032258065 28.1645193548387 25.579570967742 28.4734064516128
"225" 2000 9 366.86 8.7763333333333 13.03207 19.86729 17.0996033333334 27.7158033333333 26.2235633333333 27.0335266666668 25.8980833333333 29.2020666666667
"226" 2000 10 367.096 3.80954838709675 9.19319677419367 13.8312612903226 10.6797161290323 23.2131838709678 20.4132870967742 23.8024935483871 24.9724096774194 28.8290741935485
"227" 2000 11 368.4275 -0.651893333333305 4.97496333333333 9.70754000000005 5.44215333333329 20.3714766666666 17.1488166666667 21.7653566666667 24.0267866666667 28.7031200000001
"228" 2000 12 369.764 -2.8655935483871 0.271270967741941 8.18177419354839 -1.83312903225806 17.6145096774194 15.2990193548388 16.9146516129033 22.6517387096774 26.5919161290323
"229" 2001 1 370.665 -0.648796774193613 -3.45101612903233 5.83844516129039 -2.49161935483869 15.6680548387097 13.6307709677419 16.0244935483871 21.9464129032258 24.9277870967742
"230" 2001 2 371.61 -2.04440357142857 -4.3638285714286 6.87379285714292 0.636307142857106 15.4075392857143 13.3877107142857 15.5471392857143 20.5465821428571 24.965
"231" 2001 3 372.545 -1.94444193548389 0.143451612903277 10.0231032258065 2.52904516129036 20.5432258064516 18.7876903225807 19.4321516129032 20.8973935483872 24.9897967741936
"232" 2001 4 373.434 3.45904999999999 5.71746999999999 10.94584 9.3564566666667 19.3177466666666 18.20635 20.2318233333334 21.3732933333334 24.83476
"233" 2001 5 373.7875 6.95686774193553 14.0513 18.2852064516129 15.3464193548387 22.8989483870968 20.602970967742 22.8956612903225 22.8385322580646 25.3285548387097
"234" 2001 6 373.135 9.77604666666667 16.6740366666666 20.1946733333334 21.3442 27.8221266666667 27.7061433333334 25.47234 24.1162966666668 27.3628833333333
"235" 2001 7 371.476 11.1376870967741 20.0093225806452 22.3591322580646 21.3841741935484 29.9597935483871 29.5786580645162 26.6735935483871 25.130264516129 28.4024387096774
"236" 2001 8 369.475 11.6745193548387 17.9888741935484 23.5393129032258 23.3772903225806 30.6038709677419 30.4969806451613 28.1474903225806 26.0579322580646 29.0231161290323
"237" 2001 9 368.132 8.8439166666667 12.5938366666666 16.2170733333332 17.2312433333333 27.31532 26.2549366666667 26.9773133333334 26.7172566666666 29.5569766666667
"238" 2001 10 368.5475 5.26822258064522 9.71112580645166 17.3292354838709 11.2777129032258 26.6979064516129 25.3017096774194 24.9126419354838 25.4815419354839 30.7628516129033
"239" 2001 11 369.82 0.243966666666665 2.7615233333334 8.09734000000003 8.23247000000009 19.4929466666667 15.9987266666667 19.9424433333332 24.1736 29.83392
"240" 2001 12 371.386 0.873922580645171 -4.78723548387092 4.1798161290323 4.30287096774197 14.6591161290323 13.0309870967741 15.6813161290323 21.8458709677419 28.4308258064516
"241" 2002 1 372.4875 -1.79459677419345 -2.63376451612908 6.45135483870968 1.7960322580646 14.5676032258065 13.610841935484 13.7738645161291 20.7330677419355 25.2808387096774
"242" 2002 2 373.135 -6.09993928571424 0.975253571428595 9.49386428571432 1.77994285714288 16.5451714285714 15.1071071428572 17.2658178571428 20.65675 25.1859071428572
"243" 2002 3 374.038 -1.22610322580641 3.88014838709677 11.4156677419355 4.03228387096783 18.2417322580646 16.9795838709678 17.9511677419355 19.7122903225807 24.1285290322581
"244" 2002 4 375.25 3.81290333333334 8.8102833333333 14.0909766666667 10.66553 19.97315 18.4194466666667 18.4152933333333 20.2772033333335 23.5283
"245" 2002 5 375.6425 7.39222580645162 14.1882935483871 15.9372677419356 13.7626322580645 22.9247741935484 22.5281387096775 21.5490677419356 21.6415193548386 25.1557935483871
"246" 2002 6 375.36 11.53205 18.3400933333334 20.5554166666666 20.15403 28.0061033333334 27.6167566666667 25.3580566666667 23.3960966666667 27.2668
"247" 2002 7 373.7875 11.0815741935484 18.9557548387097 21.1705580645161 23.8536935483871 29.5812838709678 28.3550677419354 28.1479451612903 24.0373032258065 28.1854645161291
"248" 2002 8 371.64 10.7844225806452 22.6930258064516 21.4819451612904 22.988529032258 29.7906838709678 28.0997580645162 28.2319870967742 25.326935483871 28.8125806451612
"249" 2002 9 370.562 9.18681000000009 15.6185 18.4937033333334 18.4896433333334 27.0336966666667 26.21598 27.2984700000001 25.5345866666667 29.2994866666666
"250" 2002 10 370.685 4.34461612903226 3.79542258064527 14.6584548387097 11.5210935483871 24.4841096774193 23.167235483871 25.1870096774193 25.5238000000001 29.5321451612904
"251" 2002 11 372.27 3.11722666666662 -2.08636333333328 10.42092 5.54104333333339 20.0470866666668 17.6282966666667 22.4432800000001 24.3823500000001 29.1007966666666
"252" 2002 12 373.814 2.52683548387097 -7.39292258064506 7.49515483870971 0.187867741935463 16.4983612903227 15.4994967741936 15.8285129032258 22.7609612903227 26.9400225806452
"253" 2003 1 374.935 -1.42384838709665 -3.77778709677426 3.7136258064516 -3.79318709677415 14.859570967742 12.0194741935484 16.3180387096775 21.8827419354838 24.0966387096774
"254" 2003 2 375.645 0.475432142857187 -2.21739285714284 5.39456071428572 -2.7891107142857 12.8923142857143 11.9913857142857 13.2529107142857 20.8894142857144 22.199575
"255" 2003 3 376.562 2.54908064516138 4.38983225806447 12.9710935483871 2.79260322580637 16.4549225806452 16.5050677419356 14.9210419354839 21.0538580645162 24.2761129032258
"256" 2003 4 377.9575 5.73088000000007 7.94432666666665 14.5920066666667 7.14395333333329 18.7335133333334 18.0734866666667 18.8024933333334 20.9694566666668 24.4565866666667
"257" 2003 5 378.5 6.97450322580653 11.3923483870968 17.2021 12.9552193548387 23.0180903225806 21.5613064516129 24.8279612903225 22.2713387096774 25.7098967741936
"258" 2003 6 378.122 11.7615800000001 17.8036900000001 23.32919 18.7128433333334 29.4389400000001 28.9549466666667 25.4851166666667 24.2541966666666 26.3145266666666
"259" 2003 7 376.49 12.7538387096774 20.6296967741936 23.7077774193549 22.7677516129032 32.4469967741936 31.695764516129 27.8339161290322 25.977170967742 27.587629032258
"260" 2003 8 374.052 13.5641516129033 19.3557516129032 27.453670967742 22.6861000000001 33.1101612903225 31.689435483871 28.6389000000001 26.8013032258065 28.4212548387097
"261" 2003 9 373.16 8.14027333333337 14.3253033333334 20.7840800000001 18.4744433333333 27.4380333333334 26.5347166666666 26.8872900000001 26.6022833333333 29.18255
"262" 2003 10 373.0925 3.92328709677429 6.00435161290329 11.8868483870968 10.3257129032258 25.0686935483872 22.5633516129034 24.6097225806452 25.3329387096774 29.7381612903226
"263" 2003 11 374.758 0.430096666666714 2.21745666666675 10.1452100000001 7.61757 20.3536266666667 18.00467 20.85091 23.9336333333334 28.7374633333333
"264" 2003 12 376.1075 -2.28420645161287 -0.478954838709626 5.75793870967743 1.28683548387107 14.886835483871 13.3392322580646 16.8148451612904 22.3597967741936 27.1405258064516
"265" 2004 1 377.0625 -3.41360967741934 -4.73300645161288 5.53716774193549 -5.24479354838707 14.659406451613 13.7964935483871 13.924435483871 21.7931935483871 24.6609741935483
"266" 2004 2 377.98 -0.193793103448286 0.144237931034525 7.16532068965523 -1.33622758620686 15.9875172413793 15.2204517241379 14.2094689655172 20.3002275862069 24.7171827586208
"267" 2004 3 378.925 2.93841935483869 4.05079354838711 9.34259354838719 4.17148709677423 16.1773741935483 15.381964516129 17.472841935484 20.5933645161291 24.7483387096776
"268" 2004 4 380.5175 5.09927000000005 8.97548999999998 13.3829533333334 9.05240666666668 18.6546800000001 17.1344933333334 19.23285 21.0251 24.7841299999999
"269" 2004 5 380.564 7.49473870967745 14.0909870967743 16.5138129032258 16.373806451613 21.6354741935484 18.4523580645162 21.8035032258065 21.5934483870968 25.4654225806452
"270" 2004 6 379.4575 11.4489066666666 16.2023833333333 20.94569 19.6087833333334 26.8175766666668 26.0400966666667 25.0492900000001 24.6014333333333 26.8310366666668
"271" 2004 7 377.4725 12.7858032258064 17.7633870967742 22.0627161290323 21.991964516129 30.0108903225806 29.1569129032258 27.8493870967741 25.5920290322582 27.9199322580646
"272" 2004 8 375.896 13.2931483870968 19.1358322580646 22.6795838709677 21.361270967742 31.2338612903226 30.518264516129 28.0229096774193 26.7472806451614 28.7377967741936
"273" 2004 9 374.235 8.72782666666672 14.7678133333334 20.7339066666668 18.5957866666667 27.7341433333333 27.1899533333333 27.6029700000001 26.6592633333334 29.4897
"274" 2004 10 374.604 3.78779677419351 6.78793225806459 15.2512483870968 10.7791677419355 26.7840290322581 24.0629 26.1864870967742 25.7463838709677 30.4026193548388
"275" 2004 11 376.2125 -0.338999999999942 0.986969999999985 8.82528666666673 6.53764000000001 18.5649533333333 15.8241366666667 20.94245 24.23119 29.2659066666668
"276" 2004 12 377.5475 -2.78796451612902 -0.0493806451613068 3.9587225806452 1.20685161290322 16.0826838709677 13.1103709677419 16.0443806451614 22.6097322580646 25.9590645161291
"277" 2005 1 378.614 -2.95062580645163 1.72251290322589 6.12651612903221 -2.19719354838713 13.0252870967743 11.2504516129032 15.4928193548388 21.4925290322582 24.3100806451612
"278" 2005 2 380.1525 -0.102296428571435 -0.293907142857108 4.30334285714292 -0.801146428571428 12.3851 10.31435 14.5413464285714 20.6564214285714 23.2046428571429
"279" 2005 3 381.1975 2.99074516129031 2.17882903225808 9.70601612903232 1.10299677419357 16.7361354838709 15.550206451613 17.4517161290323 21.0152193548388 25.6918258064517
"280" 2005 4 382.1875 4.39700666666664 9.3576833333334 13.80441 9.28841666666671 18.6127999999999 18.4884133333333 19.8453666666667 21.2937333333334 25.7916566666667
"281" 2005 5 382.482 6.24673870967752 11.2025774193548 17.3259419354839 12.650806451613 24.652729032258 23.7373064516129 21.9157612903226 22.1432129032258 27.726735483871
"282" 2005 6 382.08 10.89262 16.5320166666667 22.5585666666666 20.81237 27.9135433333333 27.44551 25.1473066666666 23.5755866666667 28.7262633333333
"283" 2005 7 380.612 13.0930193548387 20.6085903225806 22.3845580645161 23.3226096774193 30.9009645161291 30.2354322580645 27.8742677419355 24.7030838709678 28.2903161290322
"284" 2005 8 378.36 10.2931322580646 17.975306451613 21.7211870967741 23.795935483871 29.5679290322582 28.8056193548387 28.6673741935484 25.6922193548386 28.9970870967742
"285" 2005 9 376.52 5.42694 14.6439100000001 20.7204266666666 19.5329600000001 27.3563266666667 25.4933766666667 27.6805299999999 25.9310433333334 29.4343733333334
"286" 2005 10 377.175 1.65710322580651 8.70057741935489 18.0880387096774 12.4035580645161 24.9609806451613 22.550406451613 24.4944870967742 25.0138612903225 30.0592903225807
"287" 2005 11 378.4725 0.0709633333333386 4.31342999999998 7.87532666666664 6.85771 20.1354100000001 16.44 19.9500200000001 23.9055466666667 29.4803266666667
"288" 2005 12 380.0425 0.499425806451654 -1.50886129032256 4.71271935483867 -0.721196774193515 14.7963677419355 12.6551064516129 18.1400129032257 21.711435483871 28.4519967741937
"289" 2006 1 381.404 0.1977451612903 -2.9051483870968 3.92461935483868 2.08268064516136 12.9414258064517 11.1906129032259 14.5259419354839 20.8567258064516 23.6590935483871
"290" 2006 2 382.22 1.54638928571433 -2.31714285714281 4.4725178571428 -0.783853571428551 14.5782892857143 12.2681107142857 15.6593500000001 20.852725 23.7787107142858
"291" 2006 3 382.7725 -0.298174193548334 -1.31167096774186 7.9960419354839 2.85513548387104 17.3294096774193 16.5197870967742 17.0772064516129 21.2079677419355 24.7260032258065
"292" 2006 4 384.784 2.09654000000006 6.20819999999998 13.36448 9.75051333333334 21.09062 20.3492733333333 19.3338866666667 20.8268933333334 25.1709033333333
"293" 2006 5 384.94 6.90873870967732 13.1508967741935 17.0245741935483 14.542470967742 24.9978741935484 23.7092451612904 22.5932129032258 22.2719709677419 24.9453322580645
"294" 2006 6 383.99 9.81195666666673 19.2836 22.2359733333333 19.9077266666666 27.7322 27.2345066666667 26.0139733333333 23.2110333333334 27.9309933333333
"295" 2006 7 382.214 11.7060258064516 22.5984032258065 27.5715290322581 23.7549709677421 31.0571387096774 30.8308451612903 27.341306451613 24.4466548387097 28.3854032258064
"296" 2006 8 380.1275 11.9285193548387 19.4070354838711 19.8363580645162 22.3231741935484 30.3374451612903 29.362929032258 28.4421548387097 26.2405903225807 29.0060483870968
"297" 2006 9 378.8975 9.67206666666669 16.51714 22.17868 16.9500966666668 27.4000433333333 26.4102866666666 28.2524533333333 25.9472933333333 29.3190766666667
"298" 2006 10 379.18 3.95610000000011 8.60610000000003 17.2437870967742 10.7425000000001 25.6209870967742 24.9647483870968 24.6204677419354 25.1929387096774 29.8626032258064
"299" 2006 11 380.3575 -1.88442666666657 4.42281000000003 11.0049466666667 8.4099066666667 20.9215033333334 19.8424233333334 20.0165233333334 23.5680033333334 29.9014466666667
"300" 2006 12 381.866 0.179409677419358 2.56271612903237 6.33036774193545 4.31625806451621 16.9287870967743 13.6124225806452 16.5513322580645 21.9187451612904 26.0255483870968
"301" 2007 1 383.18 -3.5176483870967 -0.771738709677379 8.55064838709683 1.49688387096779 16.7835193548388 14.5767612903227 15.1666838709677 21.2373322580644 25.3128419354838
"302" 2007 2 384.08 -3.92073571428568 -3.29660714285711 9.5976964285714 -4.33126785714285 16.4900250000001 14.8213857142857 15.5533464285715 21.3673392857143 25.4655321428572
"303" 2007 3 384.57 1.44135806451612 6.14816774193554 10.3418838709678 2.51729354838704 16.8398322580646 14.4138612903226 17.1341645161291 21.0690258064516 25.1704677419355
"304" 2007 4 386.362 4.89861333333334 10.7772400000001 19.2227966666667 7.34856666666673 19.5613266666667 17.2114166666667 19.0866599999999 21.8647100000001 25.1605233333333
"305" 2007 5 386.6075 6.27608387096774 13.0996290322581 18.0493419354839 15.3357387096775 23.8929709677419 22.2404322580645 22.9225935483872 22.8440225806452 26.0761032258065
"306" 2007 6 386.0075 11.6364133333334 19.1484033333334 20.4408533333333 20.0226866666667 28.0251766666667 25.9728800000001 26.0709533333334 24.4640933333333 26.38142
"307" 2007 7 384.298 13.3192741935484 17.2387483870967 20.6908193548388 21.9831645161291 30.6615064516129 29.7714903225807 28.6894290322581 24.8630580645162 27.3027612903226
"308" 2007 8 381.825 11.1121903225807 18.3240322580645 20.4532548387098 21.7800612903226 31.0602387096774 30.3900548387097 28.7242870967743 25.2287741935484 28.2116741935484
"309" 2007 9 380.926 7.12198333333328 13.0678166666667 18.2577033333334 18.33884 27.6056966666667 26.2742433333333 27.5537566666666 26.05652 28.8928366666668
"310" 2007 10 381.27 4.82781935483871 9.03809677419355 13.8980580645161 15.3815903225807 23.1696354838709 21.5828741935483 25.7655096774193 25.0438225806452 29.7839516129033
"311" 2007 11 382.5025 0.994809999999973 2.09473000000003 8.82151999999996 5.79891333333342 18.43958 16.1506233333334 21.2272300000001 23.5106733333334 29.5296700000001
"312" 2007 12 384.052 -0.871177419354808 -1.90850322580638 5.47106129032267 1.68710967741941 15.2500741935484 13.311664516129 17.0152096774193 22.1490419354839 25.5990032258064
"313" 2008 1 385.6375 -3.142929032258 0.741903225806482 7.49920967741934 0.224303225806466 15.6500806451613 14.3718225806452 13.6282225806453 21.1966838709678 24.9056580645161
"314" 2008 2 385.6225 -2.11038965517241 2.80387931034488 8.67912413793107 0.0682275862068877 15.8229413793104 15.2744206896552 15.4285344827586 20.0352137931035 25.5164310344828
"315" 2008 3 386.382 -0.694738709677381 2.2278774193548 8.74469677419359 3.26607741935487 17.4468 16.0062612903227 19.8731548387097 20.3378516129033 25.6754322580645
"316" 2008 4 386.925 3.33983333333333 8.26083666666682 12.46507 9.86026000000004 20.58563 19.3927200000001 21.0026599999999 20.6977600000001 25.6604566666667
"317" 2008 5 388.68 8.91160645161301 14.938064516129 20.0627838709677 13.2489935483871 23.4888225806453 21.146235483871 22.444141935484 22.7557225806452 26.6637258064516
"318" 2008 6 387.9175 11.1118466666667 18.00266 20.1745966666667 21.5336733333334 27.0660533333334 25.5397333333334 26.6911466666667 24.2277166666667 27.8298666666667
"319" 2008 7 385.635 13.8685322580645 21.0241193548388 22.4934741935484 23.2731806451613 30.4543387096774 30.1651193548388 28.5572709677419 25.1958451612903 28.5196709677418
"320" 2008 8 384.004 11.7752612903226 16.7071741935483 21.3081709677419 20.6964483870968 31.0957548387098 30.7304838709678 29.1210548387098 26.1034838709678 28.6010483870969
"321" 2008 9 382.9525 9.19094333333339 12.4887633333333 17.8284600000001 18.5481166666667 27.7612566666667 26.54217 27.6784566666667 25.6382766666666 29.34155
"322" 2008 10 383.1625 1.46512258064519 8.59731935483876 13.9311322580646 10.1386903225807 24.3794741935484 22.0892838709678 24.4567 25.1050870967742 29.4245806451613
"323" 2008 11 384.292 1.17082333333337 2.41303333333332 9.1288233333334 5.76010666666679 19.7672333333334 15.97824 22.2280533333333 23.5513900000001 28.63321
"324" 2008 12 385.7675 -1.45338064516119 -1.88877741935477 4.22315161290317 2.0883645161291 15.5357548387098 12.5621 17.989041935484 21.7170193548388 26.0415612903226
"325" 2009 1 386.995 -0.359838709677433 -2.0567258064516 2.60335806451616 -3.79331290322574 14.7638967741935 12.3306483870967 16.0533387096775 21.3541903225806 23.3638741935484
"326" 2009 2 387.4225 -2.94838571428562 -3.72841428571422 5.56834642857143 -0.271928571428589 13.6290714285714 13.1292035714287 15.828925 20.3848035714286 22.3607928571429
"327" 2009 3 388.81 -1.14958709677416 2.82563548387088 10.2349290322581 2.35228387096777 16.7775290322581 15.7809774193549 16.4487129032258 20.4733741935484 22.8858451612903
"328" 2009 4 389.5175 4.44122666666669 10.8860866666667 15.3202433333333 9.49949000000004 18.4467 16.3400033333334 19.8113466666667 21.3520266666667 24.4259433333333
"329" 2009 5 390.182 7.75787741935483 14.1263838709678 17.6433612903226 14.6620419354839 23.6046032258064 23.5104193548387 22.8076677419355 22.1351483870968 25.6568580645161
"330" 2009 6 389.14 10.5984733333333 17.59449 20.4022066666666 18.4290666666666 28.0701433333334 27.77453 27.2189366666667 23.7571800000001 27.62614
"331" 2009 7 387.8125 13.0739870967741 18.3746387096775 22.7441354838709 21.1776741935483 31.4158161290323 31.5356387096773 28.6958129032258 25.4539 28.7741870967743
"332" 2009 8 385.758 11.2955161290324 17.5507806451612 24.8427548387097 22.6491032258066 32.0227774193549 30.511164516129 29.2755096774194 25.8332516129032 29.1829580645162
"333" 2009 9 384.62 7.94100000000003 15.4907566666666 20.0827233333333 16.98123 27.6342366666667 25.2344099999999 27.2100866666666 26.0848833333334 29.3009366666667
"334" 2009 10 384.495 3.48266451612915 5.56999354838706 14.9039806451614 11.1109806451613 23.0189322580645 22.8175967741936 26.6738032258065 25.2122387096774 30.4804935483871
"335" 2009 11 386.128 0.910896666666758 2.71229333333332 11.8455133333334 8.35967666666664 20.7111633333333 19.17017 20.5886233333334 24.7222166666666 29.00589
"336" 2009 12 387.5075 -0.9672129032258 -5.32329999999996 5.35198709677422 0.836945161290259 17.9388064516129 15.8404000000001 17.9722838709678 22.2818580645161 26.7826322580644
"337" 2010 1 388.61 -0.00663870967741786 -9.17344516129026 1.58358064516125 -1.85020645161285 15.5500516129032 13.3294129032258 17.3394677419355 21.0169483870968 26.3040290322581
"338" 2010 2 390.09 -3.45885357142862 -6.55418571428578 5.0117107142857 -1.52247142857152 16.7345285714285 14.5272821428572 16.7889928571429 21.1305892857142 25.9512607142858
"339" 2010 3 391.075 2.02243870967749 2.62341935483869 9.93460322580654 5.43631935483882 17.6871612903225 15.7517806451613 18.7911774193549 21.2253161290322 26.0514000000001
"340" 2010 4 392.6075 2.55184000000003 8.01944333333336 14.8531066666667 10.6554566666667 19.7179333333333 18.81055 20.5921833333333 21.1840800000001 25.61836
"341" 2010 5 392.964 8.53028709677426 12.295864516129 15.8656870967743 16.0130322580645 22.698635483871 20.3317096774194 23.3994838709677 22.545935483871 26.5325258064516
"342" 2010 6 391.72 12.0724433333333 17.59396 21.2352266666666 22.1460733333333 26.3611433333334 25.3044966666666 25.9940066666667 23.7845766666667 27.9550966666667
"343" 2010 7 390.04 13.3274741935484 19.5559225806452 24.4098580645161 24.7610129032259 30.629 30.3078645161291 28.0820193548388 24.5944580645162 28.7503774193548
"344" 2010 8 388.088 12.0650741935485 17.4704419354839 21.2294677419355 22.7723451612903 30.6719967741935 29.6778451612904 30.3989838709678 25.6216032258065 29.3254516129032
"345" 2010 9 386.675 9.96508333333333 13.2037133333334 18.7644933333333 19.2499133333334 27.3765133333334 26.4337033333334 28.9284933333333 26.0678 29.3581133333333
"346" 2010 10 387.334 4.77168387096771 6.89980322580647 14.3059161290323 11.8228 24.1097741935483 22.1621258064516 26.221441935484 25.4065709677419 30.1765096774193
"347" 2010 11 388.8575 -1.79783000000003 -2.23504333333335 7.92683333333338 6.02472666666671 19.9350333333335 16.0452833333334 24.8292733333333 24.1382466666667 29.9992666666667
"348" 2010 12 389.7275 -1.48876129032254 -11.2449322580645 1.03622580645168 -0.999867741935532 16.5680483870967 14.2573032258065 20.0580741935484 21.5835161290323 27.9602064516129
